951609000887
951609000187
141602113721
951609001991
951609001136
141602105565
951609001162
141602405289
931602205753
931602005898
951609000064
951609000062
951609000055
951609001074
951609000099
951609000129
951609001127
951609000101
951609000879
951609000167
931602105327
131602613801
931602906468
951609001137
931602106517
131602714025
951609000063
951609000095
951609000090
951609000869
131602014219
951609000058
141602214739
951609000100
951609000893
951609000126
951609001075
951609001139
951609001095
951609000162
931602507078
951609001087
141602914687
931602206690
931602606191
951609000160
931602306386
141602705803
141602613640
951609001122
141602714684
141602413916
141602006978
931602205554
141602205616
151602905855

